1 254 109 126 66 220 -158 -26 -239
0 -173 -150 -133 -199 -42 -31 -160 -143
0 -130 -209 -183 -224 174 -32 -145 153
0 83 78 -3 164 -160 -48 -188 49
1 55 195 -254 84 -217 66 -172 -209
0 248 189 -80 -121 105 -157 124 92
0 -76 102 97 -43 -138 94 155 34
0 225 -180 -88 131 -150 69 -192 75
1 162 58 138 22 -51 -110 228 15
0 235 155 -3 236 -98 -76 -186 109
0 115 -102 -48 134 14 -1 -12 103
0 203 182 199 -127 -213 -70 101 -73
1 -231 178 212 56 49 12 -238 209
0 -255 -205 172 117 -23 48 -200 219
0 177 86 -253 -189 -117 -107 217 -153
0 233 98 -253 139 3 -13 248 -34
